1706884373712 0.6998000144958496 0
1706884376754 0.8113999962806702 1
1706884379558 0.834766685962677 2
1706884382960 0.8455833196640015 3
1706884385868 0.8567500114440918 4
1706884388596 0.8604666590690613 5
1706884390985 0.8644833564758301 6
1706884393398 0.8683666586875916 7
1706884395866 0.8698333501815796 8
1706884398303 0.871566653251648 9
1706884400798 0.8748499751091003 10
1706884403310 0.873116672039032 11
1706884405738 0.8747833371162415 12
1706884408141 0.8757666945457458 13
1706884410494 0.8771666884422302 14
1706884412812 0.8786333203315735 15
1706884415189 0.8781999945640564 16
1706884417814 0.8775833249092102 17
1706884420276 0.8805333375930786 18
1706884422698 0.8814499974250793 19
