1706884373712 0.8980908393859863 0
1706884376754 0.5923994183540344 1
1706884379558 0.5285856127738953 2
1706884382960 0.49733173847198486 3
1706884385868 0.4673261344432831 4
1706884388596 0.4511777460575104 5
1706884390985 0.44040223956108093 6
1706884393398 0.4335537552833557 7
1706884395866 0.4275522232055664 8
1706884398303 0.4168699085712433 9
1706884400798 0.41044992208480835 10
1706884403310 0.41193753480911255 11
1706884405738 0.4101220369338989 12
1706884408141 0.4048340916633606 13
1706884410494 0.40069499611854553 14
1706884412812 0.40072688460350037 15
1706884415189 0.3956593871116638 16
1706884417814 0.394706666469574 17
1706884420276 0.3904001712799072 18
1706884422698 0.3915790021419525 19
