1706881499905 0.8315833210945129 0
1706881503486 0.9035333395004272 1
1706881506894 0.9175166487693787 2
1706881510320 0.9230499863624573 3
1706881513126 0.9273999929428101 4
1706881515569 0.9302999973297119 5
1706881518505 0.9332000017166138 6
1706881521082 0.9357500076293945 7
1706881523746 0.9373499751091003 8
1706881526538 0.9392833113670349 9
1706881529297 0.9410666823387146 10
1706881532118 0.9419000148773193 11
1706881535052 0.9406833052635193 12
1706881537647 0.9434333443641663 13
1706881540534 0.9451500177383423 14
1706881543344 0.9453999996185303 15
1706881546070 0.9462166428565979 16
1706881548776 0.947433352470398 17
1706881551504 0.9478166699409485 18
1706881554032 0.9452499747276306 19
