1706881499905 0.5496760606765747 0
1706881503486 0.3231128454208374 1
1706881506894 0.2799546420574188 2
1706881510320 0.2600102126598358 3
1706881513126 0.2425152063369751 4
1706881515569 0.23150017857551575 5
1706881518505 0.22025901079177856 6
1706881521082 0.2126850187778473 7
1706881523746 0.2063162922859192 8
1706881526538 0.20145593583583832 9
1706881529297 0.1976100355386734 10
1706881532118 0.19458764791488647 11
1706881535052 0.19564588367938995 12
1706881537647 0.1855047345161438 13
1706881540534 0.18262647092342377 14
1706881543344 0.1831042617559433 15
1706881546070 0.17855875194072723 16
1706881548776 0.17502832412719727 17
1706881551504 0.17254886031150818 18
1706881554032 0.1759370118379593 19
