1706881897064 0.8962666392326355 0
1706881900429 0.9496166706085205 1
1706881904681 0.9603166580200195 2
1706881909010 0.9660333395004272 3
1706881912611 0.9693666696548462 4
1706881915766 0.9725333452224731 5
1706881918776 0.9738333225250244 6
1706881921762 0.9755833148956299 7
1706881924520 0.9779999852180481 8
1706881927413 0.9785833358764648 9
1706881930774 0.9797333478927612 10
1706881933919 0.9810500144958496 11
1706881937324 0.9814666509628296 12
1706881940390 0.9825000166893005 13
1706881943393 0.9822666645050049 14
1706881946498 0.9833333492279053 15
1706881949608 0.9838500022888184 16
1706881952704 0.9834833145141602 17
1706881955602 0.9839333295822144 18
1706881959020 0.9845666885375977 19
