1706881897064 0.34091001749038696 0
1706881900429 0.16622251272201538 1
1706881904681 0.13015587627887726 2
1706881909010 0.10987167805433273 3
1706881912611 0.09927494078874588 4
1706881915766 0.09023141115903854 5
1706881918776 0.08205356448888779 6
1706881921762 0.07708333432674408 7
1706881924520 0.06938406825065613 8
1706881927413 0.06597618758678436 9
1706881930774 0.06288038194179535 10
1706881933919 0.059512924402952194 11
1706881937324 0.057310547679662704 12
1706881940390 0.05490564927458763 13
1706881943393 0.05394710600376129 14
1706881946498 0.05113045498728752 15
1706881949608 0.049323033541440964 16
1706881952704 0.04919835925102234 17
1706881955602 0.04736701771616936 18
1706881959020 0.04756689816713333 19
