1706881630538 0.8875333070755005 0
1706881634502 0.9305833578109741 1
1706881637954 0.9412333369255066 2
1706881641630 0.9455999732017517 3
1706881644814 0.9506666660308838 4
1706881647831 0.9517999887466431 5
1706881650857 0.9556166529655457 6
1706881654031 0.9563999772071838 7
1706881657902 0.9575166702270508 8
1706881661372 0.9585999846458435 9
1706881665010 0.9592499732971191 10
1706881667780 0.9614499807357788 11
1706881670570 0.9624666571617126 12
1706881673543 0.9632666707038879 13
1706881676462 0.9631500244140625 14
1706881679333 0.9642166495323181 15
1706881682212 0.9646999835968018 16
1706881685116 0.966533362865448 17
1706881688024 0.9668333530426025 18
1706881690782 0.9663333296775818 19
