1706881630538 0.4010489583015442 0
1706881634502 0.23451466858386993 1
1706881637954 0.1991046816110611 2
1706881641630 0.18090641498565674 3
1706881644814 0.16486379504203796 4
1706881647831 0.1571340560913086 5
1706881650857 0.14780689775943756 6
1706881654031 0.14252397418022156 7
1706881657902 0.14162659645080566 8
1706881661372 0.13435232639312744 9
1706881665010 0.13040199875831604 10
1706881667780 0.12607192993164062 11
1706881670570 0.12164320796728134 12
1706881673543 0.11861591786146164 13
1706881676462 0.11916662752628326 14
1706881679333 0.11380752921104431 15
1706881682212 0.11311354488134384 16
1706881685116 0.10841242969036102 17
1706881688024 0.10667355358600616 18
1706881690782 0.10607559978961945 19
