1706881234186 0.8144833445549011 0
1706881237625 0.8770999908447266 1
1706881240996 0.8878499865531921 2
1706881243944 0.8921166658401489 3
1706881246555 0.894433319568634 4
1706881248975 0.8970166444778442 5
1706881251302 0.897849977016449 6
1706881253825 0.9021999835968018 7
1706881256754 0.904533326625824 8
1706881259497 0.904449999332428 9
1706881262038 0.9053833484649658 10
1706881264594 0.9053833484649658 11
1706881266978 0.9062166810035706 12
1706881269886 0.9078666567802429 13
1706881272483 0.9087833166122437 14
1706881274908 0.9093499779701233 15
1706881277540 0.9102833271026611 16
1706881280560 0.9110999703407288 17
1706881283507 0.9102500081062317 18
1706881286230 0.9096500277519226 19
