1706881234186 0.6689218282699585 0
1706881237625 0.42546936869621277 1
1706881240996 0.38972464203834534 2
1706881243944 0.3726755976676941 3
1706881246555 0.3632756471633911 4
1706881248975 0.3533571660518646 5
1706881251302 0.34755754470825195 6
1706881253825 0.33544856309890747 7
1706881256754 0.3288465440273285 8
1706881259497 0.33212482929229736 9
1706881262038 0.3247273862361908 10
1706881264594 0.3178749978542328 11
1706881266978 0.31686991453170776 12
1706881269886 0.3162739872932434 13
1706881272483 0.31028372049331665 14
1706881274908 0.3106628358364105 15
1706881277540 0.3083460032939911 16
1706881280560 0.3025129735469818 17
1706881283507 0.3056548535823822 18
1706881286230 0.3044017255306244 19
