1706881366855 0.8582666516304016 0
1706881370220 0.9265166521072388 1
1706881373341 0.9372833371162415 2
1706881376720 0.9430999755859375 3
1706881379701 0.9487500190734863 4
1706881382700 0.9506499767303467 5
1706881386097 0.9535833597183228 6
1706881388749 0.9563166499137878 7
1706881391597 0.9571499824523926 8
1706881394771 0.9579166769981384 9
1706881398136 0.9597499966621399 10
1706881401162 0.9598000049591064 11
1706881404179 0.9632333517074585 12
1706881407303 0.9620000123977661 13
1706881409980 0.9633166790008545 14
1706881412885 0.9639833569526672 15
1706881415781 0.9638166427612305 16
1706881418774 0.9656333327293396 17
1706881421648 0.9644500017166138 18
1706881424567 0.9654833078384399 19
