1706881366855 0.46655359864234924 0
1706881370220 0.2484777569770813 1
1706881373341 0.2093990445137024 2
1706881376720 0.18488307297229767 3
1706881379701 0.16847094893455505 4
1706881382700 0.16116075217723846 5
1706881386097 0.14961360394954681 6
1706881388749 0.14120447635650635 7
1706881391597 0.1380947083234787 8
1706881394771 0.13259337842464447 9
1706881398136 0.12821701169013977 10
1706881401162 0.1268302947282791 11
1706881404179 0.11868833750486374 12
1706881407303 0.12058541923761368 13
1706881409980 0.11743364483118057 14
1706881412885 0.11384402960538864 15
1706881415781 0.11447491496801376 16
1706881418774 0.10911847651004791 17
1706881421648 0.1114412471652031 18
1706881424567 0.10977031290531158 19
