1706880884011 0.7949166893959045 0
1706880886654 0.8747333288192749 1
1706880889248 0.8896833062171936 2
1706880891907 0.8948000073432922 3
1706880894638 0.902816653251648 4
1706880897020 0.906083345413208 5
1706880899428 0.9106166958808899 6
1706880901965 0.9096500277519226 7
1706880904436 0.9135000109672546 8
1706880906741 0.9151999950408936 9
1706880909240 0.9143000245094299 10
1706880911744 0.9172666668891907 11
1706880914220 0.9182999730110168 12
1706880916625 0.9181333184242249 13
1706880918946 0.9221833348274231 14
1706880921297 0.9209499955177307 15
1706880923796 0.9203833341598511 16
1706880926494 0.9216333627700806 17
1706880929547 0.9222000241279602 18
1706880932889 0.9232500195503235 19
