1706880884011 0.65676349401474 0
1706880886654 0.40986403822898865 1
1706880889248 0.3620106875896454 2
1706880891907 0.3431701958179474 3
1706880894638 0.32105734944343567 4
1706880897020 0.3069077134132385 5
1706880899428 0.29358476400375366 6
1706880901965 0.2922661602497101 7
1706880904436 0.28492406010627747 8
1706880906741 0.2762567698955536 9
1706880909240 0.2755449414253235 10
1706880911744 0.2694108784198761 11
1706880914220 0.2674458622932434 12
1706880916625 0.26209935545921326 13
1706880918946 0.25640133023262024 14
1706880921297 0.2580752968788147 15
1706880923796 0.25433433055877686 16
1706880926494 0.2549414038658142 17
1706880929547 0.25215578079223633 18
1706880932889 0.251090943813324 19
