1706884241918 0.7599166631698608 0
1706884244924 0.8579000234603882 1
1706884247717 0.8779666423797607 2
1706884250547 0.8866833448410034 3
1706884253426 0.8928833603858948 4
1706884256056 0.8967000246047974 5
1706884259097 0.8998000025749207 6
1706884261785 0.9008333086967468 7
1706884264794 0.9023833274841309 8
1706884267402 0.9045833349227905 9
1706884270285 0.902999997138977 10
1706884273458 0.9072666764259338 11
1706884276663 0.9070166945457458 12
1706884279629 0.9099833369255066 13
1706884282650 0.9096500277519226 14
1706884285545 0.9092833399772644 15
1706884288737 0.911466658115387 16
1706884291702 0.9103333353996277 17
1706884295113 0.9120000004768372 18
1706884298068 0.9118166565895081 19
