1706884241918 0.7482562065124512 0
1706884244924 0.4600983262062073 1
1706884247717 0.40077832341194153 2
1706884250547 0.37144145369529724 3
1706884253426 0.3537721037864685 4
1706884256056 0.3433842360973358 5
1706884259097 0.33251479268074036 6
1706884261785 0.32730814814567566 7
1706884264794 0.3192194104194641 8
1706884267402 0.3149707615375519 9
1706884270285 0.31465819478034973 10
1706884273458 0.3059423565864563 11
1706884276663 0.3067604601383209 12
1706884279629 0.30077850818634033 13
1706884282650 0.2943970561027527 14
1706884285545 0.2950150668621063 15
1706884288737 0.2920475900173187 16
1706884291702 0.28886598348617554 17
1706884295113 0.2875292897224426 18
1706884298068 0.28767845034599304 19
