1706881113853 0.8444333076477051 0
1706881116888 0.90625 1
1706881120277 0.9155499935150146 2
1706881123544 0.9215166568756104 3
1706881126684 0.923383355140686 4
1706881129220 0.9272833466529846 5
1706881131756 0.9280999898910522 6
1706881134288 0.9285833239555359 7
1706881136803 0.9301000237464905 8
1706881139240 0.930649995803833 9
1706881141655 0.9320166707038879 10
1706881144193 0.9318666458129883 11
1706881146671 0.9336833357810974 12
1706881149343 0.9351999759674072 13
1706881151668 0.9336333274841309 14
1706881154159 0.9361166954040527 15
1706881156766 0.9358333349227905 16
1706881159307 0.9368000030517578 17
1706881161623 0.9364500045776367 18
1706881163957 0.9369999766349792 19
