1706881113853 0.5765622854232788 0
1706881116888 0.32427147030830383 1
1706881120277 0.28990891575813293 2
1706881123544 0.2684362232685089 3
1706881126684 0.2601704001426697 4
1706881129220 0.24843855202198029 5
1706881131756 0.24264176189899445 6
1706881134288 0.2383243888616562 7
1706881136803 0.23501411080360413 8
1706881139240 0.2310752421617508 9
1706881141655 0.22560396790504456 10
1706881144193 0.2266538292169571 11
1706881146671 0.22190658748149872 12
1706881149343 0.2163277566432953 13
1706881151668 0.22012381255626678 14
1706881154159 0.21412606537342072 15
1706881156766 0.2109772115945816 16
1706881159307 0.21029812097549438 17
1706881161623 0.2116641253232956 18
1706881163957 0.20680774748325348 19
