1706881768765 0.8662999868392944 0
1706881771916 0.9115999937057495 1
1706881775229 0.9228500127792358 2
1706881778509 0.9279666543006897 3
1706881781447 0.9335333108901978 4
1706881784065 0.9346333146095276 5
1706881786741 0.9388833045959473 6
1706881789352 0.9395833611488342 7
1706881791919 0.9408666491508484 8
1706881794420 0.9437500238418579 9
1706881797110 0.9443833231925964 10
1706881800147 0.9451500177383423 11
1706881802680 0.9475499987602234 12
1706881805285 0.9475666880607605 13
1706881807824 0.9482333064079285 14
1706881810612 0.948199987411499 15
1706881813253 0.9494666457176208 16
1706881816180 0.9503499865531921 17
1706881819118 0.9492833614349365 18
1706881821787 0.9504333138465881 19
