1706881768765 0.47425204515457153 0
1706881771916 0.30057647824287415 1
1706881775229 0.26336339116096497 2
1706881778509 0.24188454449176788 3
1706881781447 0.2270340621471405 4
1706881784065 0.21689216792583466 5
1706881786741 0.20598720014095306 6
1706881789352 0.2009543627500534 7
1706881791919 0.1977504938840866 8
1706881794420 0.19053807854652405 9
1706881797110 0.184395894408226 10
1706881800147 0.18430942296981812 11
1706881802680 0.1764625459909439 12
1706881805285 0.17604191601276398 13
1706881807824 0.1722746044397354 14
1706881810612 0.16897010803222656 15
1706881813253 0.16678068041801453 16
1706881816180 0.16374331712722778 17
1706881819118 0.16526596248149872 18
1706881821787 0.16019488871097565 19
