1706880998384 0.721750020980835 0
1706881001434 0.8190333247184753 1
1706881004889 0.8393999934196472 2
1706881007993 0.8467666506767273 3
1706881010666 0.8526666760444641 4
1706881013086 0.8553333282470703 5
1706881015769 0.8602666854858398 6
1706881018281 0.8591833114624023 7
1706881021240 0.8631166815757751 8
1706881024168 0.8661166429519653 9
1706881026621 0.8690333366394043 10
1706881029005 0.8705499768257141 11
1706881031614 0.8720999956130981 12
1706881034228 0.8736500144004822 13
1706881036739 0.8764500021934509 14
1706881039154 0.8758500218391418 15
1706881041517 0.8765166401863098 16
1706881043910 0.8767666816711426 17
1706881046197 0.8751500248908997 18
1706881048523 0.8786500096321106 19
