1706880998384 0.8410731554031372 0
1706881001434 0.570493221282959 1
1706881004889 0.5203442573547363 2
1706881007993 0.4915960431098938 3
1706881010666 0.4832117557525635 4
1706881013086 0.46697860956192017 5
1706881015769 0.45566967129707336 6
1706881018281 0.45702576637268066 7
1706881021240 0.4459165036678314 8
1706881024168 0.43577834963798523 9
1706881026621 0.4289170801639557 10
1706881029005 0.42416292428970337 11
1706881031614 0.4181300103664398 12
1706881034228 0.4142511487007141 13
1706881036739 0.40864652395248413 14
1706881039154 0.40624329447746277 15
1706881041517 0.4059486985206604 16
1706881043910 0.40201741456985474 17
1706881046197 0.40266138315200806 18
1706881048523 0.39374279975891113 19
